13.204        77.715        0
13.204        77.71        0
13.2065        77.696        200
13.2108        77.684        400
13.2166        77.674        600
13.2233        77.666        800
13.2337        77.66        1000
13.2474        77.655        1200
13.2584        77.651        1400
13.2754        77.648        1600
13.294        77.647        1800
13.311        77.65        2000
13.322        77.654        2200
13.3307        77.659        2400
13.3378        77.665        2600
13.3445        77.673        2800
13.3503        77.683        3000
13.3546        77.695        3200
13.3571        77.709        3400
13.3592        77.721        3600
13.3628        77.731        3800
13.3675        77.739        4000
13.3725        77.745        4200
13.3784        77.75        4400
13.3853        77.755        4600
13.3963        77.759        4800
13.4134        77.756        5000
13.4304        77.753        5200
13.4413        77.749        5400
13.45        77.744        5600
13.4571        77.738        5800
13.4639        77.73        6000
13.4694        77.72        6200
13.4737        77.708        6400
13.4762        77.694        6600
13.4783        77.682        6800
13.4819        77.672        7000
13.4865        77.664        7200
13.4916        77.658        7400
13.4975        77.653        7600
13.5044        77.649        7800
13.5127        77.646        8000
13.524        77.644        8200
13.5353        77.642        8400
13.5436        77.639        8600
13.5573        77.634        8800
13.571        77.629        9000
13.585        77.624        9100
13.599        77.619        9200
13.613        77.614        9300
13.627        77.609        9400
13.6411        77.604        9500
13.6551        77.599        9600
13.6691        77.594        9700
13.6831        77.589        9800
14.5931        77.575        9800
15.5931        77.555        9800
16.5931        77.535        9800
17.5931        77.515        9800
18.5931        77.495        9800
19.5931        77.475        9800
20.5931        77.455        9800
21.593        77.435        9800
22.593        77.415        9800
23.593        77.395        9800
24.593        77.375        9800
25.593        77.365        9800
26.593        77.355        9800
27.593        77.345        9800
28.504        77.335        9800
28.5195        77.321        9600
28.5274        77.317        9400
28.5333        77.312        9200
28.5384        77.306        9000
28.543        77.298        8800
28.5466        77.288        8600
28.5487        77.276        8400
28.5487        77.262        8200
28.5533        77.248        8000
28.5594        77.236        7800
28.5651        77.226        7600
28.5733        77.218        7400
28.5805        77.212        7200
28.5891        77.207        7000
28.6001        77.203        6800
28.6171        77.2        6600
28.6311        77.199        6400
28.6451        77.199        6200
28.6508        77.2        6000
28.6591        77.203        5800
28.6638        77.207        5600
28.668        77.212        5400
28.6715        77.218        5200
28.6744        77.226        5000
28.6761        77.236        4800
28.6761        77.248        4600
28.6737        77.262        4400
28.6693        77.274        4200
28.6635        77.284        4000
28.6568        77.292        3800
28.6497        77.298        3600
28.641        77.303        3400
28.6301        77.303        3200
28.613        77.306        3000
28.593        77.306        2800
28.576        77.303        2600
28.565        77.299        2400
28.5564        77.29        2200
28.5492        77.284        2000
28.54        77.276        1800
28.54        77.266        1600
28.54        77.254        1400
28.54        77.24        1200
28.54        77.22        1000
28.54        77.2        800
28.54        77.18        600
28.54        77.16        400
28.54        77.14        200
28.54        77.12        0
28.54        77.1        0